                                                                                                                                                                                                                                                                                                                                0000000000000000000000000000000000000000000000000000000000000000000000000000000000000000000000000000000000000000000000000000000000
                                                                                                                                                                                                                                                                                                                                  000000000000000000000000000000000000000000000000000000000000000000000000000000000000000000000000000000000000000000000000000000
                                                                                                                                                                                                                                                                                                                                    0000000000000000000000000000000000000000000000000000000000000000000000000000000000000000000000000000000000000000000000000
                                                                                                                                                                                                                                                                                                                                        0000000000000000000000000000000000000000000000000000000000000000000000000000000000000000000000000000000000000000
                                                                                                                                                                                                                                                                                  4           4                                           00000000000000000000000000000000000000000000000000000000000000000000000000000000000000000000000000000000000
                                                                                                                                                                                                                                                                           00     0     0     0     0                                      000000000000000000000000000000000000000000000000000000000000000000000000000000000000000000000000000000
                                                                                                                                                                                                                                                                1111111111100333330333330333330333330011111                                 0000000000000000000000000000000000000000000000000000000000000000000000000000000000
                                                                                                                                                                                                                                                         111111122222222222200000000000000000000000002222                                   0000000000000000                             000000000000000000000000000000
                                                                                                                                                                                                                      000000                                 2222222222222222222222222222222222222                                            000000000                                     00000000000000000000                        0000000000000000
                                                                                                                                                                                                                  0000000000                                                         4                                                          00                        0000000                                                000000000000000000000000000000000000000555
                                                                                                                                                                                                              00000000000000            00000                                                                                                                     0000000000000000000                                      00000000000000000000000000000000000000000000000
                                                                                                                                                               0000  4                               00000000000000000000000            00000000                                   4   4                                                                    0000000000000000000000000000                             0000000000000000000000000000000000000000000000000
                                                                                                            0000  4                                   0000000000000330  4                     000000000000000000000000000000           000000000000500                       4    00   0                                                                0000000000000000000000000000000000033300000333000003330000000000000000000000000000000000000000000000000000
                                                        0000  4                                 0000000000000000330  4                     000000000000000000000000000330  4       00000000000000000000000000000000000000000           000000000000000                 4     0    00   0                                                  000000000000000000000000000000000000000000000000000000000000000000000000000000000000000000000000000000000000000000000
                                            0000000000000000330  4                  0000000000000000000000000000000330  4       00000000000000000000000000000000000000000330000000000000000000000000000000000000000000000000     5     00000000000000000000000         0     0    00   0               000000000000                 0000000000000000000000000000000000000000000000000000000000000000000000000000000000000000000000000000000000000000000000000000
                                0000000000000000000000000000000330  4     0000000000000000000000000000000000000000000033000000000000000000000000000000000000000000000000000000000000000000000000000000000000000000000000000033333033333000000000000000000000000000000000000000000000000000000000000000000000000000000000000000000000000000000000000000000000000000000000000000000000000000000000000000000000000000000000000000000000000000000000000000000000000000                 0000000000000000000000000000000000000000000000000000000000000000000000000000000000000000000000000000000000000000000000000000000000000000000000000
                    0000000000000000000000000000000000000000000000330000000000000000000000000000000000000000000000000000000000000000000000000000000000000000000000000000000000000000000000000000000000000000000000000000000000000000000000000000000000000000000000000000000000000000000000000000000000000000000000000000000000000000000000000000000000000000000000000000000000000000000000000000000000000000000000000000000000000000000000000000000000000000000000000             0000000000000000000000000000000000000000000000000000000000000000000000000000000000000000000000000000
00000000000000000000000000000000000000000000000000000000000000000000000000000000000000000000000000000000000000000000000000000000000000000000000000000000000000000000000000000000000000000000000000000000000000000000000000000000000000000000000000000000000000000000000000000000000000000000000000000000000000000000000000000000000000000000000000000000000000000000000000000000000000000000000000000000000000000000000000000000000000000000000000000000000000000000000          00000000000000000000000000000000000000000000000000000000000000000000000000000000000000000000000000000000000000000000000000000000000000000000000000000000000000000000000000000000000000000000000000000000000000000000