









                                                                         1                             1111111111111111111 
                                                          11111111111222212222111111111                                    
                                                  1111111111111111111111111111111111111111111111111                        
                                       111111111111111111111111111111111111111111111111111111111111111111111111111111111111